0,389
0,387
0,386
0,319
0,318
0,317
0,316
0,315
0,314
0,313
0,325
0,361
0,312
0,311
0,306
0,427
0,301
0,360
0,447
0,359
0,446
0,323
0,445
0,344
0,321
0,358
0,444
0,443
0,442
0,426
0,425
0,375
0,441
0,440
0,424
0,423
0,309
0,300
0,299
0,298
0,297
0,296
0,295
0,294
0,293
0,292
0,291
0,290
0,289
0,288
0,287
0,286
0,285
0,284
0,283
0,282
0,281
0,280
0,279
0,278
0,277
0,276
0,275
0,274
0,273
0,272
0,271
0,270
0,269
0,268
0,267
0,266
0,265
0,264
0,263
0,262
0,261
0,260
0,259
0,258
0,257
0,256
0,255
0,254
0,253
0,252
0,251
0,250
0,249
0,248
0,247
0,246
0,245
0,244
0,242
0,241
0,240
0,236
0,235
0,234
0,233
0,232
0,231
0,230
0,229
0,228
0,227
0,226
0,225
0,224
0,223
0,222
0,221
0,220
0,219
0,218
0,217
0,216
0,215
0,214
0,213
0,212
0,211
0,210
0,209
0,208
0,207
0,206
0,205
0,204
0,203
0,202
0,201
0,200
0,199
0,198
0,197
0,196
0,195
0,194
0,193
0,192
0,63
0,62
0,61
0,60
0,59
0,58
0,57
0,56
0,55
0,54
0,53
0,52
0,51
0,50
0,49
0,48
0,47
0,46
0,45
0,6
24,94
24,93
24,92
24,91
24,90
24,89
24,88
24,87
24,86
24,85
24,84
24,83
24,82
24,81
24,80
24,79
24,78
24,77
24,76
24,75
24,74
24,73
24,72
24,71
24,70
24,69
24,68
24,67
24,66
24,65
24,64
24,35
24,34
24,33
24,32
24,31
24,30
24,29
24,28
24,27
24,26
24,25
24,24
24,23
24,22
24,21
24,20
24,19
24,18
24,17
24,16
24,15
24,14
24,13
24,12
24,11
24,10
24,9
24,8
24,7
24,6
24,5
24,4
24,3
0,239
0,422
0,238
0,421
0,237
0,420
19,3
6,4
12,3
27,3
5,3
0,419
2,1
2,3
0,418
1,1
1,3
27,2
0,417
0,416
0,415
0,345
16,1
16,3
